clear all
close all
% ---
% ULYSSE 
P = [
0.511759	0.1540339	0.2493787	0.001043	0.0830540	0.000732	;
0.473418	0.1665013	0.2473910	0.006134	0.1011316	0.005425	;
0.436452	0.1734139	0.2425608	0.015859	0.1162251	0.015489	;
0.399996	0.1756207	0.2354432	0.030019	0.1278987	0.031022	;
0.364459	0.1735689	0.2263420	0.047805	0.1362430	0.051582	;
0.330984	0.1681461	0.2160742	0.067501	0.1416418	0.075653	;
0.300769	0.1606666	0.2057022	0.087160	0.1445457	0.101156	;
0.274778	0.1523794	0.1959864	0.105182	0.1458373	0.125837	;
0.253682	0.1444771	0.1875446	0.120524	0.1461353	0.147637	;
0.237689	0.1375647	0.1810298	0.132569	0.1460925	0.165055	;
0.226988	0.1323756	0.1766290	0.141032	0.1459067	0.177069	;
0.221648	0.1294915	0.1745173	0.145491	0.1456998	0.183152	;
0.221674	0.1294967	0.1744863	0.145486	0.1457285	0.183128	;
0.227015	0.1323762	0.1766662	0.141048	0.1458618	0.177032	;
0.237687	0.1375611	0.1810697	0.132587	0.1460553	0.165040	;
0.253641	0.1444399	0.1876034	0.120506	0.1461561	0.147653	;
0.274770	0.1523989	0.1959653	0.105223	0.1458205	0.125822	;
0.300742	0.1606437	0.2057235	0.087179	0.1445621	0.101150	;
0.330968	0.1681662	0.2160881	0.067502	0.1416213	0.075654	;
0.364464	0.1735678	0.2263197	0.047813	0.1362387	0.051597	;
0.400021	0.1756050	0.2354353	0.030028	0.1278871	0.031023	;
0.436447	0.1734202	0.2425995	0.015862	0.1161870	0.015485	;
0.473414	0.1665184	0.2473764	0.006133	0.1011400	0.005418	;
0.511789	0.1540497	0.2493663	0.001046	0.0830166	0.000732	

];
% ---
P = 100*P;
% ---
P0G = P(:,1); 
P1G511 = P(:,2);
P1G1557 = P(:,3);
P2GLOR = P(:,4); 
P2GMIX = P(:,5); 
P3G = P(:,6); 

figure; 
    hold on; box on; %grid on;     
    xlim([-120,+120])
    ylim([0,max(P0G)+0.005])
    %plot(P0G)
    c = -115:10:+115;
    c = linspace(-120,+120,24); 
    plot(c,P0G,'DisplayName','${0\gamma}^{}_{}$','Color','k','LineWidth',2,'LineStyle','-')
    plot(c,P1G511,'DisplayName','${1\gamma}^{511}_{\textrm{COR}}$','LineWidth',2,'LineStyle','-')
    plot(c,P1G1557,'DisplayName','${1\gamma}^{1157}_{\textrm{COR}}$','LineWidth',2,'LineStyle','-')
    plot(c,P2GLOR,'DisplayName','${2\gamma}^{}_{\textrm{LOR}}$','LineWidth',2,'LineStyle','-')
    plot(c,P2GMIX,'DisplayName','${2\gamma}^{}_{\textrm{COR}}$','LineWidth',2,'LineStyle','-')
    plot(c,P3G,'DisplayName','${3\gamma}^{}_{}$','LineWidth',2,'LineStyle','-')
    legend('Location','north','Interpreter','latex','FontSize',12,'NumColumns',5)
    h = 240; 
    xticks(-(h)/2:40:+(h)/2);
    xlabel("Position axiale $z$ (mm)",'Interpreter','latex','FontSize',16)
    %xlabel("Axiale position $z$ (mm)",'Interpreter','latex','FontSize',16)
    % 
    ylabel("Sensibilit\'e moyenne (\%)",'Interpreter','latex','FontSize',16)
    %ylabel("Mean sensitivity (\%)",'Interpreter','latex','FontSize',16)
    legend boxoff  
    %set(gca,'DataAspectRatioMode','manual')
    disp("GERE L'ASPECT RATIO")
    pbaspect([2 1 1])   % https://fr.mathworks.com/help/matlab/creating_plots/aspect-ratio-for-2-d-axes.html
    print -depsc ZProf_FR

%{
% 20000
P3G = [0.001045	0.007384	0.019978	0.037782	0.058981	0.081957	0.105050	0.126700	0.145351	0.160102	0.170285	0.175529	0.175499	0.170435	0.160240	0.145352	0.126595	0.104998	0.081826	0.058955	0.037770	0.020002	0.007377	0.001047];
PTEP = [0.002524	0.015764	0.040314	0.073401	0.111184	0.150607	0.189062	0.224083	0.253752	0.276996	0.293102	0.301379	0.301357	0.293146	0.277282	0.253721	0.224041	0.188982	0.150550	0.111120	0.073318	0.040399	0.015775	0.002518];
PCC1157 = [0.344479	0.369829	0.394687	0.419018	0.442342	0.464194	0.483757	0.500763	0.514719	0.525319	0.532645	0.536420	0.536335	0.532799	0.525261	0.514748	0.500483	0.483523	0.464046	0.442376	0.419001	0.394712	0.369723	0.344387];

%}
%P0G = [0.502835	0.456429	0.412502	0.371186	0.333467	0.299954	0.271367	0.247362	0.228464	0.214325	0.204826	0.200092	0.200190	0.204855	0.214320	0.228415	0.247577	0.271515	0.299983	0.333541	0.371169	0.412420	0.456386	0.502891];
%P3G = [0.001047	0.007382	0.020002	0.037773	0.058968	0.081919	0.105079	0.126678	0.145406	0.160185	0.170274	0.175581	0.175504	0.170364	0.160141	0.145289	0.126601	0.105016	0.081837	0.058924	0.037771	0.020020	0.007383	0.001048];
%PTEP = [0.002279	0.015485	0.040124	0.073177	0.111029	0.150558	0.189214	0.224232	0.253993	0.277190	0.293381	0.301581	0.301600	0.293417	0.277319	0.254016	0.224364	0.189163	0.150643	0.111036	0.073148	0.040138	0.015451	0.002276];
%PCC1157 = [0.344408	0.369794	0.394679	0.419091	0.442417	0.464016	0.483680	0.500636	0.514702	0.525333	0.532673	0.536405	0.536434	0.532684	0.525498	0.514645	0.500570	0.483642	0.464002	0.442401	0.419085	0.394474	0.369747	0.344377];
%PCC511 = [0.345455	0.376117	0.406553	0.436359	0.464605	0.490423	0.513287	0.532610	0.548398	0.560284	0.568262	0.572355	0.572332	0.568248	0.560295	0.548427	0.532583	0.513255	0.490412	0.464659	0.436277	0.406515	0.376073	0.345208];

%Pcombi = PTEP.*PCC1157; 
%ecart = abs(Pcombi - P3G)
%{

    plot(PTEP,'DisplayName','TEP','LineWidth',2,'LineStyle',':');
    plot(PCC1157,'DisplayName','CC$1157$','LineWidth',2,'LineStyle',':');
    plot(PCC511,'DisplayName','CC$1157$','LineWidth',2,'LineStyle',':');
    plot(Pcombi,'DisplayName','TEP $\times$ CC$1157$','LineWidth',2);%,'Color','k','LineStyle','--');
    plot(P3G,'DisplayName','$3\gamma$','LineWidth',2);%,'Color','k','LineStyle','--');    
    
    
%}

%{
figure; 
    hold on;    box on;     grid on; 
    
    plot(PTEP,'DisplayName','TEP','LineWidth',2);
    plot(PCC511,'DisplayName','CC$511$','LineWidth',2);
    plot(PCC1157,'DisplayName','CC$1157$','LineWidth',2);
    legend('Location','bestoutside','Interpreter','latex','FontSize',16)
%}